16.85
17.19
17.18
17.76
17.28
16.96
16.92
16.51
15.93
15.42
16.0
16.15
16.6
16.88
15.86
15.6
15.7
17.33
19.02
19.76
20.19
20.24
20.21
20.1
20.12
17.23
19.91
20.13
19.71
19.44
19.11
18.25
17.06
15.6
15.83
14.92
15.8
15.15
20.94
22.3
42.97
22.93
27.89
22.8
19.95
21.93
20.28
21.35
19.32
21.65
20.49
20.12
21.39
20.21
20.24
19.9
21.65
21.19
19.67
19.35
21.15
20.1
21.28
19.39
21.5
21.63
19.41
19.38
20.55
18.85
20.88
19.2
19.08
20.54
18.53
19.74
19.83
19.2
19.95
20.62
19.17
18.17
20.16
20.79
18.72
20.78
18.79
20.92
18.72
19.14
20.48
20.46
18.52
18.83
20.63
19.01
19.93
19.16
20.87
18.96
20.54
20.48
19.47
19.4
20.39
19.07
20.7
20.55
18.48
19.05
20.43
18.89
20.33
19.07
20.14