d [28.99766465 27.81270448 20.8717756  24.09537216 30.54757828 24.23684974
 28.05188231 29.93312873 26.01893704 29.5412388  30.7965889  19.0543658
 29.10794726 20.26918612 30.75136007 31.29242084 29.35855387 31.20213026
 24.61984248 31.63238884 32.55240322 23.56431585 29.60550052 26.77290485
 32.37221921 27.18761415 26.92150666 28.73712801 28.61408131 31.47069036
 25.15461405 19.95561846 23.43651111 30.86437244 26.37736049 33.62589074
 33.08804798 18.80704732 24.46301943 32.92302246 19.86290729 23.03288864
 28.78704217 26.81573373 32.09767699 32.8370497  20.53391723 31.91169581
 29.13075682 28.63432116 24.63427722 24.93041479 29.43795248 25.5798539
 30.99405479 27.59754311 24.16139383 22.17903059 21.01532868 27.64383117
 25.49220148 26.00121885 22.43954826 25.58417275 27.474536   32.64952481
 27.298233   30.17878887 25.05059727 20.72878822 30.75627066 29.67086563
 28.80609012 27.14916787 32.31761781 30.51604453 28.88326823 25.54021325
 25.55468029 22.53502769 28.74682648 30.6054618  20.81218024 24.96250196
 26.60681981 22.13451779 30.90049891 28.78594649 25.20948329 23.69411563
 30.3558221  30.65905032 25.75132686 29.409203   29.30508705 22.13348485
 26.66746148 21.89033742 24.73305899 22.42027345 25.11322867 30.37582086
 18.44635182 31.94346941 27.82722535 34.71679688 28.34665063 15.64959383
 31.35952136 27.0319411  24.303884   20.98281321 31.97143917 19.81563094
 27.76334089 29.43374246 29.04444834 29.72410982 29.41320954 29.28885133
 29.39997056 25.73053809 28.69264777 25.02839321 29.09743252 28.48226775
 25.0970378  28.04807154 28.19311833 30.19079722 30.23978583 27.1307172
 31.53052768 28.4044691  30.59700109 32.5570867  30.19453799 23.41167435
 33.52734646 23.7929062  24.30746622 31.94799219 24.75118623 26.4753507
 34.87380324 31.23937579 21.41883811 29.19804472 21.11875917 30.81452438
 23.41372699 30.42383224 25.64689747 28.38866559 26.56869168 20.60530304
 27.88836639 30.63148648 27.91265864 33.8449864  28.48926349 31.9522151
 26.99315828 28.23761598 28.01371651 26.07354418 32.07009871 21.96412803
 28.71070551 23.91693846 26.7677856  31.31604105 21.22687024 29.51282426
 27.2846225  31.40798225 22.09080434 32.11609049 24.05832024 30.68817909
 31.27976995 30.6110569  31.07029746 28.88363105 28.64455986 32.80807268
 26.99712642 19.5636905  28.57177932 25.11624775 23.92491607 33.63725573
 30.2296082  31.7907376  30.52699759 32.27816221 30.48381559 31.69192679
 32.58405555 23.26318306 32.42484206 33.06852759 29.78534917 26.39261645
 33.2823674  28.8769762  29.46952853 29.46583369 28.74823811 19.72867178
 29.20558378 29.63112057 21.63007411 27.69711542 30.37729838 31.85326335
 20.97006587 33.65600248 22.11328827 33.05123416 18.28462692 21.55439681
 25.2782008  26.00615497 27.99163122 26.50784095 29.1719004  21.61860953
 34.0869446  30.04881921 29.87261662 34.05083632 33.29266651 19.83180833
 30.04180763 22.05380902 24.41028883 29.00142419 30.8023771  33.73139491
 31.35881554 23.8753157  26.61838347 24.96309387 21.0332096  25.03386826
 22.15606891 25.86227682 29.3073766  30.5331235  25.78331885 25.4271582
 26.62173019 27.43442535 29.54389274 32.52190727 29.41575408 34.55316644
 18.46884953 31.92054163 26.11729033 24.16227921 21.62994267 32.401486
 29.74949469 30.89092309 28.63742225 29.41003864 24.77268174 32.20319988
 30.24824312 22.22668987 26.90207614 22.14069372 30.81278749 27.98762138
 20.8109414  24.12765408 24.03268108 22.91892443 29.99888113 30.93449916
 26.15414404 25.17032487 31.348533   29.31227644 19.73546276 28.99928697
 27.91404041 27.22427939 20.36042283 20.59908363 26.61436896 29.68699547
 24.29977782 25.46408868 27.82890135 22.1892433  28.88737636 21.45523013
 27.91115063 26.1160339  30.05677145 22.7979724  18.09249415 29.45411942
 18.68122425 29.38726871 29.91121582 28.25235745 31.56930361 30.87418743
 25.20640318 27.26329852 28.73327854 33.09102197 30.19393304 27.05381392
 29.08513029 32.09165226 23.99956507 22.06746397 25.12955549 28.28311617
 23.9660616  30.2882698  27.795941   25.48703992 31.18069747 20.98121888
 25.76467742 21.11853787 24.99260771 31.53330444 27.94964539 20.93696462
 20.23326806 21.46533106 19.10784457 22.24922406 33.62560938 30.76364029
 32.93227238 20.82614628 19.41157041 30.7235372  28.15566182 33.9275736
 23.07021125 29.2374943  26.87537768 29.57839706 25.07107847 22.65580893
 24.42497921 28.98106415 28.12868411 28.44947157 27.96344977 23.55469157
 27.40955424 30.41210323 24.57249149 23.44636691 28.42514085 29.75045824
 21.12732132 34.03436254 30.80535777 30.45274701 33.54059069 29.89078368
 19.58147315 27.37828347 28.9601564  30.05379081 24.74478284 33.05319915
 22.55350808 26.66390403 21.26872192 29.73605246 28.3108486  20.64334258
 24.7135835  30.73676954 27.34339752 32.15929736 29.38001594 23.14016983
 29.34377796 26.49751408 28.25447499 27.17211059 29.46293834 28.66052326
 24.40751659 31.84409124 25.79710039 24.86274675 27.88476286 24.80750736
 23.34630144 29.09223337 25.15347422]
